Demand(t) /		
1		200
2		210
3		200
4		200
5		250
6		400
7		600
8		600
9		600
10		600
11		600
12		600
13		600
14		600
15		600
16		600
17		600
18		600
19		400
20		400
21		300
22		300
23		300
24		250
25		201
26		213
27		205
28		206
29		251
30		409
31		553
32		554
33		550
34		556
35		552
36		552
37		556
38		559
39		558
40		553
41		552
42		608
43		408
44		407
45		307
46		310
47		303
48		256
49		250
50		250
51		250
52		250
53		250
54		400
55		700
56		800
57		800
58		800
59		900
60		900
61		1200
62		1000
63		1200
64		900
65		900
66		600
67		400
68		400
69		300
70		300
71		300
72		250
73		250
74		250
75		250
76		250
77		250
78		900
79		900
80		1200
81		1000
82		1200
83		800
84		800
85		900
86		900
87		1200
88		1000
89		1200
90		600
91		400
92		400
93		300
94		300
95		300
96		250
97		250
98		250
99		250
100		250
101		250
102		400
103		700
104		900
105		800
106		800
107		800
108		1100
109		1200
110		1200
111		1300
112		1300
113		900
114		600
115		400
116		400
117		300
118		300
119		300
120		250
121		250
122		250
123		250
124		250
125		250
126		400
127		700
128		900
129		800
130		500
131		500
132		500
133		700
134		1100
135		1200
136		1200
137		1300
138		1300
139		400
140		400
141		300
142		300
143		300
144		250
145		250
146		250
147		250
148		250
149		1100
150		1200
151		1200
152		1300
153		1300
154		600
155		700
156		500
157		700
158		700
159		900
160		1000
161		700
162		500
163		400
164		400
165		300
166		300
167		300
168		250
169		200
170		210
171		200
172		200
173		250
174		400
175		600
176		600
177		600
178		600
179		600
180		600
181		600
182		600
183		600
184		600
185		600
186		600
187		400
188		400
189		300
190		300
191		300
192		250
193		201
194		213
195		205
196		206
197		251
198		409
199		553
200		554
201		550
202		556
203		552
204		552
205		556
206		559
207		558
208		553
209		552
210		608
211		408
212		407
213		307
214		310
215		303
216		256
217		250
218		250
219		250
220		250
221		250
222		400
223		700
224		800
225		800
226		800
227		800
228		800
229		800
230		800
231		900
232		900
233		900
234		600
235		400
236		400
237		300
238		300
239		300
240		250
241		250
242		250
243		250
244		250
245		250
246		400
247		700
248		900
249		900
250		900
251		900
252		900
253		900
254		1200
255		1200
256		1300
257		1300
258		600
259		400
260		400
261		300
262		300
263		300
264		250
265		250
266		250
267		250
268		250
269		250
270		400
271		700
272		900
273		800
274		800
275		800
276		800
277		800
278		800
279		1000
280		1000
281		900
282		600
283		400
284		400
285		300
286		300
287		300
288		250
289		250
290		250
291		250
292		250
293		250
294		400
295		700
296		900
297		800
298		500
299		500
300		500
301		700
302		700
303		900
304		1000
305		900
306		600
307		400
308		400
309		300
310		300
311		300
312		250
313		250
314		250
315		250
316		250
317		250
318		400
319		1000
320		1000
321		900
322		600
323		700
324		500
325		700
326		700
327		900
328		1000
329		700
330		500
331		400
332		400
333		300
334		300
335		300
336		250
337		200
338		210
339		200
340		200
341		250
342		400
343		600
344		600
345		600
346		600
347		600
348		600
349		600
350		600
351		600
352		600
353		600
354		600
355		400
356		400
357		300
358		300
359		300
360		250
361		201
362		213
363		205
364		206
365		251
366		409
367		553
368		554
369		550
370		556
371		552
372		552
373		556
374		559
375		558
376		553
377		552
378		608
379		408
380		407
381		307
382		310
383		303
384		256
385		250
386		250
387		250
388		250
389		250
390		400
391		700
392		800
393		800
394		800
395		800
396		800
397		800
398		800
399		900
400		900
401		900
402		600
403		400
404		400
405		300
406		300
407		300
408		250
409		250
410		250
411		250
412		250
413		250
414		400
415		700
416		900
417		800
418		800
419		800
420		800
421		800
422		800
423		1000
424		1000
425		900
426		600
427		400
428		400
429		300
430		300
431		300
432		250
433		250
434		250
435		250
436		250
437		250
438		400
439		700
440		900
441		800
442		800
443		800
444		800
445		800
446		800
447		1000
448		1000
449		900
450		600
451		400
452		400
453		300
454		300
455		300
456		250
457		250
458		250
459		250
460		250
461		250
462		400
463		700
464		900
465		800
466		500
467		500
468		500
469		700
470		700
471		900
472		1000
473		900
474		600
475		400
476		400
477		300
478		300
479		300
480		250
481		250
482		250
483		250
484		250
485		250
486		400
487		1000
488		1000
489		900
490		600
491		700
492		500
493		700
494		700
495		900
496		1000
497		700
498		500
499		400
500		400
501		300
502		300
503		300
504		250
505		200
506		210
507		200
508		200
509		250
510		400
511		600
512		600
513		600
514		600
515		600
516		600
517		600
518		600
519		600
520		600
521		600
522		600
523		400
524		400
525		300
526		300
527		300
528		250
529		201
530		213
531		205
532		206
533		251
534		409
535		553
536		554
537		550
538		556
539		552
540		552
541		556
542		559
543		558
544		553
545		552
546		608
547		408
548		407
549		307
550		310
551		303
552		256
553		250
554		250
555		250
556		250
557		250
558		400
559		700
560		800
561		800
562		800
563		800
564		800
565		800
566		800
567		900
568		900
569		900
570		600
571		400
572		400
573		300
574		300
575		300
576		250
577		250
578		250
579		250
580		250
581		250
582		400
583		700
584		900
585		800
586		800
587		800
588		800
589		800
590		800
591		1000
592		1000
593		900
594		600
595		400
596		400
597		300
598		300
599		300
600		250
601		250
602		250
603		250
604		250
605		250
606		400
607		700
608		900
609		800
610		800
611		800
612		800
613		800
614		800
615		1000
616		1000
617		900
618		600
619		400
620		400
621		300
622		300
623		300
624		250
625		250
626		250
627		250
628		250
629		250
630		400
631		700
632		900
633		800
634		500
635		500
636		500
637		700
638		700
639		900
640		1000
641		900
642		600
643		400
644		400
645		300
646		300
647		300
648		250
649		250
650		250
651		250
652		250
653		250
654		400
655		1000
656		1000
657		900
658		600
659		700
660		500
661		700
662		700
663		900
664		1000
665		700
666		500
667		400
668		400
669		300
670		300
671		300
672		250
673		200
674		210
675		200
676		200
677		250
678		400
679		600
680		600
681		600
682		600
683		600
684		600
685		600
686		600
687		600
688		600
689		600
690		600
691		400
692		400
693		300
694		300
695		300
696		250
697		201
698		213
699		205
700		206
701		251
702		409
703		553
704		554
705		550
706		556
707		552
708		552
709		556
710		559
711		558
712		553
713		552
714		608
715		408
716		407
717		307
718		310
719		303
720		256
721		250
722		250
723		250
724		250
725		250
726		400
727		700
728		800
729		800
730		800
731		800
732		800
733		800
734		800
735		900
736		900
737		900
738		600
739		400
740		400
741		300
742		300
743		300
744		250
745		250
746		250
747		250
748		250
749		250
750		400
751		700
752		900
753		800
754		800
755		800
756		800
757		800
758		800
759		1000
760		1000
761		900
762		600
763		400
764		400
765		300
766		300
767		300
768		250
/		
