Gesamt Gewinn (Mio):            0.971553
t           Spot        SpeicherStanGen SpeicherPumpe
       1.000       0.000    1500.000       0.000       0.000
       2.000      26.280    1520.000       0.000      13.333
       3.000      25.790    1755.000       0.000     300.000
       4.000      25.700    1990.000       0.000     300.000
       5.000      26.390    2000.000       0.000       0.000
       6.000      38.010    2000.000      10.000       0.000
       7.000      51.930    2000.000      10.000       0.000
       8.000      52.430    1710.000     300.000       0.000
       9.000      52.100    1640.000      80.000       0.000
      10.000      50.780    1650.000       0.000       0.000
      11.000      50.890    1660.000       0.000       0.000
      12.000      46.090    1670.000       0.000       0.000
      13.000      45.530    1680.000       0.000       0.000
      14.000      45.370    1690.000       0.000       0.000
      15.000      47.710    1700.000       0.000       0.000
      16.000      50.030    1710.000       0.000       0.000
      17.000      54.110    1420.000     300.000       0.000
      18.000      58.020    1130.000     300.000       0.000
      19.000      66.510     840.000     300.000       0.000
      20.000      54.420     550.000     300.000       0.000
      21.000      49.080     560.000       0.000       0.000
      22.000      44.100     570.000       0.000       0.000
      23.000      38.050     805.000       0.000     300.000
      24.000      40.130     815.000       0.000       0.000
      25.000      35.880    1050.000       0.000     300.000
      26.000      34.640    1285.000       0.000     300.000
      27.000      31.840    1520.000       0.000     300.000
      28.000      33.720    1755.000       0.000     300.000
      29.000      36.200    1990.000       0.000     300.000
      30.000      46.990    2000.000       0.000       0.000
      31.000      56.430    1710.000     300.000       0.000
      32.000      61.300    1420.000     300.000       0.000
      33.000      60.000    1130.000     300.000       0.000
      34.000      55.490     840.000     300.000       0.000
      35.000      52.720     810.000      40.000       0.000
      36.000      47.000     820.000       0.000       0.000
      37.000      44.480     830.000       0.000       0.000
      38.000      44.470     840.000       0.000       0.000
      39.000      43.850     850.000       0.000       0.000
      40.000      46.240     860.000       0.000       0.000
      41.000      51.930     870.000       0.000       0.000
      42.000      60.000     580.000     300.000       0.000
      43.000      65.470     290.000     300.000       0.000
      44.000      53.460       0.000     300.000       0.000
      45.000      46.720      10.000       0.000       0.000
      46.000      41.860      20.000       0.000       0.000
      47.000      37.480     255.000       0.000     300.000
      48.000      35.660     490.000       0.000     300.000
      49.000      32.310     725.000       0.000     300.000
      50.000      31.360     960.000       0.000     300.000
      51.000      30.090    1195.000       0.000     300.000
      52.000      30.390    1430.000       0.000     300.000
      53.000      35.030    1665.000       0.000     300.000
      54.000      40.700    1675.000       0.000       0.000
      55.000      52.400    1385.000     300.000       0.000
      56.000      59.770    1095.000     300.000       0.000
      57.000      57.120     805.000     300.000       0.000
      58.000      54.110     515.000     300.000       0.000
      59.000      51.230     520.000       5.000       0.000
      60.000      45.260     530.000       0.000       0.000
      61.000      43.630     540.000       0.000       0.000
      62.000      43.170     550.000       0.000       0.000
      63.000      43.940     560.000       0.000       0.000
      64.000      45.870     570.000       0.000       0.000
      65.000      50.670     580.000       0.000       0.000
      66.000      53.490     290.000     300.000       0.000
      67.000      55.310       0.000     300.000       0.000
      68.000      47.790       0.000      10.000       0.000
      69.000      39.720      10.000       0.000       0.000
      70.000      37.960      20.000       0.000       0.000
      71.000      34.740      30.000       0.000       0.000
      72.000      33.610     265.000       0.000     300.000
      73.000      31.040     500.000       0.000     300.000
      74.000      30.020     735.000       0.000     300.000
      75.000      29.410     970.000       0.000     300.000
      76.000      30.060    1205.000       0.000     300.000
      77.000      32.890    1440.000       0.000     300.000
      78.000      39.550    1450.000       0.000       0.000
      79.000      48.980    1160.000     300.000       0.000
      80.000      54.110     870.000     300.000       0.000
      81.000      54.110     580.000     300.000       0.000
      82.000      51.080     290.000     300.000       0.000
      83.000      46.930       0.000     300.000       0.000
      84.000      44.040      10.000       0.000       0.000
      85.000      40.560      20.000       0.000       0.000
      86.000      38.010      30.000       0.000       0.000
      87.000      36.780      40.000       0.000       0.000
      88.000      38.150      50.000       0.000       0.000
      89.000      39.900      60.000       0.000       0.000
      90.000      43.570      70.000       0.000       0.000
      91.000      44.380       0.000      80.000       0.000
      92.000      35.800      10.000       0.000       0.000
      93.000      30.070     245.000       0.000     300.000
      94.000      30.400     345.000       0.000     120.000
      95.000      29.040     580.000       0.000     300.000
      96.000      29.080     815.000       0.000     300.000
      97.000      25.270    1050.000       0.000     300.000
      98.000      29.730    1285.000       0.000     300.000
      99.000      24.600    1520.000       0.000     300.000
     100.000      25.200    1755.000       0.000     300.000
     101.000      29.080    1990.000       0.000     300.000
     102.000      36.060    2000.000       0.000       0.000
     103.000      47.900    1710.000     300.000       0.000
     104.000      51.620    1420.000     300.000       0.000
     105.000      48.000    1130.000     300.000       0.000
     106.000      44.490     840.000     300.000       0.000
     107.000      41.110     850.000       0.000       0.000
     108.000      37.890     860.000       0.000       0.000
     109.000      36.910     870.000       0.000       0.000
     110.000      34.780     880.000       0.000       0.000
     111.000      35.330     890.000       0.000       0.000
     112.000      36.920     900.000       0.000       0.000
     113.000      43.830     610.000     300.000       0.000
     114.000      48.110     320.000     300.000       0.000
     115.000      48.880      30.000     300.000       0.000
     116.000      39.320      40.000       0.000       0.000
     117.000      34.110      50.000       0.000       0.000
     118.000      32.870      60.000       0.000       0.000
     119.000      30.060     295.000       0.000     300.000
     120.000      30.090     530.000       0.000     300.000
     121.000      36.040     540.000       0.000       0.000
     122.000      32.930     550.000       0.000       0.000
     123.000      31.070     615.000       0.000      73.333
     124.000      30.060     850.000       0.000     300.000
     125.000      32.090     860.000       0.000       0.000
     126.000      32.280     870.000       0.000       0.000
     127.000      45.680     580.000     300.000       0.000
     128.000      44.100     290.000     300.000       0.000
     129.000      42.500       0.000     300.000       0.000
     130.000      37.190      10.000       0.000       0.000
     131.000      36.090      20.000       0.000       0.000
     132.000      35.500      30.000       0.000       0.000
     133.000      30.840      40.000       0.000       0.000
     134.000      31.130      50.000       0.000       0.000
     135.000      30.070     285.000       0.000     300.000
     136.000      34.770     295.000       0.000       0.000
     137.000      33.060     305.000       0.000       0.000
     138.000      36.950     315.000       0.000       0.000
     139.000      37.370     325.000       0.000       0.000
     140.000      33.350     335.000       0.000       0.000
     141.000      31.530     345.000       0.000       0.000
     142.000      36.010     355.000       0.000       0.000
     143.000      33.080     365.000       0.000       0.000
     144.000      34.060     375.000       0.000       0.000
     145.000      32.010     385.000       0.000       0.000
     146.000      31.070     395.000       0.000       0.000
     147.000      31.050     405.000       0.000       0.000
     148.000      31.040     415.000       0.000       0.000
     149.000      31.030     425.000       0.000       0.000
     150.000      18.060     660.000       0.000     300.000
     151.000      31.040     670.000       0.000       0.000
     152.000      31.030     680.000       0.000       0.000
     153.000      31.020     690.000       0.000       0.000
     154.000      31.030     700.000       0.000       0.000
     155.000      30.140     910.000       0.000     266.667
     156.000      30.710     920.000       0.000       0.000
     157.000      30.450     930.000       0.000       0.000
     158.000      29.420    1165.000       0.000     300.000
     159.000      28.000    1400.000       0.000     300.000
     160.000      31.100    1410.000       0.000       0.000
     161.000      36.300    1420.000       0.000       0.000
     162.000      44.440    1130.000     300.000       0.000
     163.000      46.870     840.000     300.000       0.000
     164.000      44.790     550.000     300.000       0.000
     165.000      37.750     560.000       0.000       0.000
     166.000      34.060     570.000       0.000       0.000
     167.000      32.140     580.000       0.000       0.000
     168.000      27.920     815.000       0.000     300.000
     169.000      28.080    1050.000       0.000     300.000
     170.000      27.790    1285.000       0.000     300.000
     171.000      27.690    1520.000       0.000     300.000
     172.000      27.640    1755.000       0.000     300.000
     173.000      27.930    1990.000       0.000     300.000
     174.000      34.030    2000.000       0.000       0.000
     175.000      40.370    2000.000      10.000       0.000
     176.000      49.830    1970.000      40.000       0.000
     177.000      48.570    1980.000       0.000       0.000
     178.000      48.920    1990.000       0.000       0.000
     179.000      48.960    2000.000       0.000       0.000
     180.000      49.930    1970.000      40.000       0.000
     181.000      48.000    1980.000       0.000       0.000
     182.000      48.950    1990.000       0.000       0.000
     183.000      49.910    2000.000       0.000       0.000
     184.000      51.920    1710.000     300.000       0.000
     185.000      54.990    1420.000     300.000       0.000
     186.000      61.230    1130.000     300.000       0.000
     187.000      63.620     840.000     300.000       0.000
     188.000      58.400     550.000     300.000       0.000
     189.000      51.030     325.000     235.000       0.000
     190.000      42.590     335.000       0.000       0.000
     191.000      40.470     345.000       0.000       0.000
     192.000      36.860     580.000       0.000     300.000
     193.000      37.050     815.000       0.000     300.000
     194.000      36.630    1050.000       0.000     300.000
     195.000      35.830    1285.000       0.000     300.000
     196.000      35.230    1520.000       0.000     300.000
     197.000      35.170    1755.000       0.000     300.000
     198.000      36.000    1990.000       0.000     300.000
     199.000      43.260    2000.000       0.000       0.000
     200.000      53.500    2000.000      10.000       0.000
     201.000      55.810    1710.000     300.000       0.000
     202.000      55.010    1420.000     300.000       0.000
     203.000      51.920    1430.000       0.000       0.000
     204.000      51.810    1440.000       0.000       0.000
     205.000      49.770    1450.000       0.000       0.000
     206.000      49.020    1460.000       0.000       0.000
     207.000      52.300    1470.000       0.000       0.000
     208.000      55.010    1180.000     300.000       0.000
     209.000      57.200     890.000     300.000       0.000
     210.000      62.440     600.000     300.000       0.000
     211.000      66.180     310.000     300.000       0.000
     212.000      60.750      20.000     300.000       0.000
     213.000      53.930      30.000       0.000       0.000
     214.000      45.950      40.000       0.000       0.000
     215.000      41.250      50.000       0.000       0.000
     216.000      39.230     285.000       0.000     300.000
     217.000      38.060     520.000       0.000     300.000
     218.000      37.020     755.000       0.000     300.000
     219.000      36.140     990.000       0.000     300.000
     220.000      35.580    1225.000       0.000     300.000
     221.000      36.150    1460.000       0.000     300.000
     222.000      38.440    1695.000       0.000     300.000
     223.000      47.440    1705.000       0.000       0.000
     224.000      54.120    1715.000       0.000       0.000
     225.000      57.600    1425.000     300.000       0.000
     226.000      54.500    1400.000      35.000       0.000
     227.000      51.670    1410.000       0.000       0.000
     228.000      50.740    1420.000       0.000       0.000
     229.000      49.990    1430.000       0.000       0.000
     230.000      49.980    1440.000       0.000       0.000
     231.000      52.640    1450.000       0.000       0.000
     232.000      54.770    1160.000     300.000       0.000
     233.000      56.170     870.000     300.000       0.000
     234.000      61.570     580.000     300.000       0.000
     235.000      66.700     290.000     300.000       0.000
     236.000      60.000       0.000     300.000       0.000
     237.000      53.950       0.000      10.000       0.000
     238.000      44.920      10.000       0.000       0.000
     239.000      42.420      20.000       0.000       0.000
     240.000      38.660      30.000       0.000       0.000
     241.000      36.740     265.000       0.000     300.000
     242.000      35.220     500.000       0.000     300.000
     243.000      33.950     735.000       0.000     300.000
     244.000      33.160     970.000       0.000     300.000
     245.000      33.950    1205.000       0.000     300.000
     246.000      36.070    1440.000       0.000     300.000
     247.000      42.690    1450.000       0.000       0.000
     248.000      47.150    1460.000       0.000       0.000
     249.000      50.100    1170.000     300.000       0.000
     250.000      47.960    1180.000       0.000       0.000
     251.000      49.960    1190.000       0.000       0.000
     252.000      49.490    1200.000       0.000       0.000
     253.000      48.480    1210.000       0.000       0.000
     254.000      48.060    1220.000       0.000       0.000
     255.000      48.100    1230.000       0.000       0.000
     256.000      48.130    1240.000       0.000       0.000
     257.000      51.080     950.000     300.000       0.000
     258.000      56.010     660.000     300.000       0.000
     259.000      57.010     370.000     300.000       0.000
     260.000      52.990      80.000     300.000       0.000
     261.000      50.040       0.000      90.000       0.000
     262.000      43.450       0.000      10.000       0.000
     263.000      40.450       0.000      10.000       0.000
     264.000      37.880       0.000      10.000       0.000
     265.000      35.940      10.000       0.000       0.000
     266.000      33.490      20.000       0.000       0.000
     267.000      28.990      30.000       0.000       0.000
     268.000      27.120     265.000       0.000     300.000
     269.000      26.170     500.000       0.000     300.000
     270.000      26.140     735.000       0.000     300.000
     271.000      29.100     745.000       0.000       0.000
     272.000      33.090     755.000       0.000       0.000
     273.000      35.170     765.000       0.000       0.000
     274.000      35.070     775.000       0.000       0.000
     275.000      33.780     785.000       0.000       0.000
     276.000      34.040     795.000       0.000       0.000
     277.000      35.900     805.000       0.000       0.000
     278.000      33.430     815.000       0.000       0.000
     279.000      31.500     825.000       0.000       0.000
     280.000      31.720     835.000       0.000       0.000
     281.000      31.800     845.000       0.000       0.000
     282.000      38.940     555.000     300.000       0.000
     283.000      38.080     265.000     300.000       0.000
     284.000      37.010       0.000     275.000       0.000
     285.000      31.980      10.000       0.000       0.000
     286.000      30.110      20.000       0.000       0.000
     287.000      30.490      30.000       0.000       0.000
     288.000      27.030      40.000       0.000       0.000
     289.000      26.370      50.000       0.000       0.000
     290.000      25.210      60.000       0.000       0.000
     291.000      24.550      70.000       0.000       0.000
     292.000      19.970     305.000       0.000     300.000
     293.000      18.990     540.000       0.000     300.000
     294.000      21.860     775.000       0.000     300.000
     295.000      24.210     785.000       0.000       0.000
     296.000      26.780     795.000       0.000       0.000
     297.000      28.260     805.000       0.000       0.000
     298.000      31.090     815.000       0.000       0.000
     299.000      29.630     825.000       0.000       0.000
     300.000      28.790     835.000       0.000       0.000
     301.000      29.500     845.000       0.000       0.000
     302.000      29.100     855.000       0.000       0.000
     303.000      29.040     865.000       0.000       0.000
     304.000      27.940     875.000       0.000       0.000
     305.000      30.000     885.000       0.000       0.000
     306.000      33.910     595.000     300.000       0.000
     307.000      39.440     305.000     300.000       0.000
     308.000      33.940      15.000     300.000       0.000
     309.000      30.780      25.000       0.000       0.000
     310.000      27.850      35.000       0.000       0.000
     311.000      28.810      45.000       0.000       0.000
     312.000      26.910      55.000       0.000       0.000
     313.000      15.650     290.000       0.000     300.000
     314.000       9.240     525.000       0.000     300.000
     315.000       5.760     760.000       0.000     300.000
     316.000       1.880     995.000       0.000     300.000
     317.000       5.890    1230.000       0.000     300.000
     318.000      10.730    1465.000       0.000     300.000
     319.000      14.270    1700.000       0.000     300.000
     320.000      20.000    1935.000       0.000     300.000
     321.000      24.200    1980.000       0.000      46.667
     322.000      29.110    1990.000       0.000       0.000
     323.000      30.020    2000.000       0.000       0.000
     324.000      35.190    2000.000      10.000       0.000
     325.000      37.760    1745.000     265.000       0.000
     326.000      36.170    1755.000       0.000       0.000
     327.000      35.770    1765.000       0.000       0.000
     328.000      35.090    1775.000       0.000       0.000
     329.000      38.010    1485.000     300.000       0.000
     330.000      41.210    1195.000     300.000       0.000
     331.000      42.830     905.000     300.000       0.000
     332.000      41.040     615.000     300.000       0.000
     333.000      38.290     325.000     300.000       0.000
     334.000      34.300     335.000       0.000       0.000
     335.000      31.370     345.000       0.000       0.000
     336.000      26.460     580.000       0.000     300.000
     337.000      26.680     815.000       0.000     300.000
     338.000      24.940    1050.000       0.000     300.000
     339.000      22.510    1285.000       0.000     300.000
     340.000      23.100    1520.000       0.000     300.000
     341.000      23.940    1755.000       0.000     300.000
     342.000      26.590    1990.000       0.000     300.000
     343.000      35.500    2000.000       0.000       0.000
     344.000      43.560    2000.000      10.000       0.000
     345.000      45.350    1710.000     300.000       0.000
     346.000      45.070    1715.000       5.000       0.000
     347.000      43.970    1725.000       0.000       0.000
     348.000      43.330    1735.000       0.000       0.000
     349.000      41.710    1745.000       0.000       0.000
     350.000      43.650    1755.000       0.000       0.000
     351.000      44.390    1765.000       0.000       0.000
     352.000      46.380    1475.000     300.000       0.000
     353.000      48.190    1185.000     300.000       0.000
     354.000      52.890     895.000     300.000       0.000
     355.000      52.920     605.000     300.000       0.000
     356.000      48.910     315.000     300.000       0.000
     357.000      44.210     325.000       0.000       0.000
     358.000      37.950     335.000       0.000       0.000
     359.000      35.500     345.000       0.000       0.000
     360.000      30.000     580.000       0.000     300.000
     361.000      26.500     815.000       0.000     300.000
     362.000      25.640    1050.000       0.000     300.000
     363.000      25.970    1285.000       0.000     300.000
     364.000      24.990    1520.000       0.000     300.000
     365.000      26.040    1755.000       0.000     300.000
     366.000      27.940    1990.000       0.000     300.000
     367.000      38.920    2000.000       0.000       0.000
     368.000      45.520    2000.000      10.000       0.000
     369.000      47.970    1990.000      20.000       0.000
     370.000      47.430    2000.000       0.000       0.000
     371.000      47.980    2000.000      10.000       0.000
     372.000      48.430    1980.000      30.000       0.000
     373.000      46.960    1990.000       0.000       0.000
     374.000      48.340    2000.000       0.000       0.000
     375.000      49.910    2000.000      10.000       0.000
     376.000      50.000    1925.000      85.000       0.000
     377.000      50.040    1635.000     300.000       0.000
     378.000      60.710    1345.000     300.000       0.000
     379.000      62.890    1055.000     300.000       0.000
     380.000      52.300     765.000     300.000       0.000
     381.000      47.560     775.000       0.000       0.000
     382.000      43.300     785.000       0.000       0.000
     383.000      41.210     795.000       0.000       0.000
     384.000      38.300     805.000       0.000       0.000
     385.000      36.970    1040.000       0.000     300.000
     386.000      35.750    1275.000       0.000     300.000
     387.000      34.270    1510.000       0.000     300.000
     388.000      33.790    1745.000       0.000     300.000
     389.000      34.450    1980.000       0.000     300.000
     390.000      37.740    1990.000       0.000       0.000
     391.000      45.630    2000.000       0.000       0.000
     392.000      55.770    2000.000      10.000       0.000
     393.000      57.770    1710.000     300.000       0.000
     394.000      56.920    1700.000      20.000       0.000
     395.000      56.800    1710.000       0.000       0.000
     396.000      56.440    1720.000       0.000       0.000
     397.000      54.420    1730.000       0.000       0.000
     398.000      55.800    1740.000       0.000       0.000
     399.000      57.280    1450.000     300.000       0.000
     400.000      57.390    1160.000     300.000       0.000
     401.000      60.710     870.000     300.000       0.000
     402.000      76.080     580.000     300.000       0.000
     403.000      87.120     290.000     300.000       0.000
     404.000      65.000       0.000     300.000       0.000
     405.000      54.470       0.000      10.000       0.000
     406.000      47.520      10.000       0.000       0.000
     407.000      44.590      20.000       0.000       0.000
     408.000      40.300      30.000       0.000       0.000
     409.000      39.070      40.000       0.000       0.000
     410.000      35.950     275.000       0.000     300.000
     411.000      33.400     510.000       0.000     300.000
     412.000      32.670     745.000       0.000     300.000
     413.000      32.980     980.000       0.000     300.000
     414.000      35.220    1215.000       0.000     300.000
     415.000      42.620    1225.000       0.000       0.000
     416.000      48.120    1235.000       0.000       0.000
     417.000      51.290     945.000     300.000       0.000
     418.000      48.560     955.000       0.000       0.000
     419.000      47.540     965.000       0.000       0.000
     420.000      46.360     975.000       0.000       0.000
     421.000      43.910     985.000       0.000       0.000
     422.000      44.570     995.000       0.000       0.000
     423.000      45.610    1005.000       0.000       0.000
     424.000      46.830    1015.000       0.000       0.000
     425.000      48.680     885.000     140.000       0.000
     426.000      51.170     595.000     300.000       0.000
     427.000      49.950     305.000     300.000       0.000
     428.000      48.090     315.000       0.000       0.000
     429.000      45.050     325.000       0.000       0.000
     430.000      38.330     335.000       0.000       0.000
     431.000      38.420     345.000       0.000       0.000
     432.000      36.180     580.000       0.000     300.000
     433.000      33.820     815.000       0.000     300.000
     434.000      33.590    1050.000       0.000     300.000
     435.000      32.070    1285.000       0.000     300.000
     436.000      31.820    1520.000       0.000     300.000
     437.000      33.190    1755.000       0.000     300.000
     438.000      35.220    1990.000       0.000     300.000
     439.000      45.090    2000.000       0.000       0.000
     440.000      51.910    2000.000      10.000       0.000
     441.000      54.320    1710.000     300.000       0.000
     442.000      55.620    1420.000     300.000       0.000
     443.000      54.940    1130.000     300.000       0.000
     444.000      53.950     840.000     300.000       0.000
     445.000      52.440     850.000       0.000       0.000
     446.000      52.520     860.000       0.000       0.000
     447.000      53.010     860.000      10.000       0.000
     448.000      52.190     870.000       0.000       0.000
     449.000      54.300     580.000     300.000       0.000
     450.000      66.470     290.000     300.000       0.000
     451.000      59.980       0.000     300.000       0.000
     452.000      51.970       0.000      10.000       0.000
     453.000      47.600      10.000       0.000       0.000
     454.000      43.830      20.000       0.000       0.000
     455.000      44.280      30.000       0.000       0.000
     456.000      39.340      40.000       0.000       0.000
     457.000      42.630      50.000       0.000       0.000
     458.000      39.780      60.000       0.000       0.000
     459.000      38.810      70.000       0.000       0.000
     460.000      36.940     130.000       0.000      66.667
     461.000      36.200     365.000       0.000     300.000
     462.000      36.130     600.000       0.000     300.000
     463.000      39.570     610.000       0.000       0.000
     464.000      41.560     620.000       0.000       0.000
     465.000      42.020     630.000       0.000       0.000
     466.000      44.570     640.000       0.000       0.000
     467.000      44.150     650.000       0.000       0.000
     468.000      42.550     660.000       0.000       0.000
     469.000      41.420     670.000       0.000       0.000
     470.000      40.010     680.000       0.000       0.000
     471.000      39.960     690.000       0.000       0.000
     472.000      41.670     700.000       0.000       0.000
     473.000      43.810     710.000       0.000       0.000
     474.000      49.950     420.000     300.000       0.000
     475.000      51.000     130.000     300.000       0.000
     476.000      48.450     140.000       0.000       0.000
     477.000      42.750     150.000       0.000       0.000
     478.000      40.360     160.000       0.000       0.000
     479.000      39.660     170.000       0.000       0.000
     480.000      36.670     405.000       0.000     300.000
     481.000      37.570     415.000       0.000       0.000
     482.000      35.300     650.000       0.000     300.000
     483.000      35.130     885.000       0.000     300.000
     484.000      34.220    1120.000       0.000     300.000
     485.000      33.860    1355.000       0.000     300.000
     486.000      35.010    1590.000       0.000     300.000
     487.000      35.600    1825.000       0.000     300.000
     488.000      37.520    1835.000       0.000       0.000
     489.000      37.520    1845.000       0.000       0.000
     490.000      39.120    1855.000       0.000       0.000
     491.000      38.400    1865.000       0.000       0.000
     492.000      38.840    1875.000       0.000       0.000
     493.000      40.100    1885.000       0.000       0.000
     494.000      37.800    1895.000       0.000       0.000
     495.000      39.680    1905.000       0.000       0.000
     496.000      41.350    1915.000       0.000       0.000
     497.000      46.410    1925.000       0.000       0.000
     498.000      52.170    1635.000     300.000       0.000
     499.000      53.090    1345.000     300.000       0.000
     500.000      52.510    1055.000     300.000       0.000
     501.000      51.010     765.000     300.000       0.000
     502.000      47.000     775.000       0.000       0.000
     503.000      44.280     785.000       0.000       0.000
     504.000      40.140     795.000       0.000       0.000
     505.000      37.100     805.000       0.000       0.000
     506.000      36.530    1040.000       0.000     300.000
     507.000      36.070    1275.000       0.000     300.000
     508.000      34.750    1510.000       0.000     300.000
     509.000      34.800    1745.000       0.000     300.000
     510.000      36.580    1980.000       0.000     300.000
     511.000      44.990    1990.000       0.000       0.000
     512.000      47.760    2000.000       0.000       0.000
     513.000      51.000    1710.000     300.000       0.000
     514.000      49.850    1420.000     300.000       0.000
     515.000      48.000    1430.000       0.000       0.000
     516.000      47.470    1440.000       0.000       0.000
     517.000      47.690    1450.000       0.000       0.000
     518.000      47.600    1460.000       0.000       0.000
     519.000      50.020    1170.000     300.000       0.000
     520.000      50.900     880.000     300.000       0.000
     521.000      50.930     590.000     300.000       0.000
     522.000      50.010     300.000     300.000       0.000
     523.000      49.910      10.000     300.000       0.000
     524.000      45.530      20.000       0.000       0.000
     525.000      47.930      30.000       0.000       0.000
     526.000      37.030     110.000       0.000      93.333
     527.000      35.300     345.000       0.000     300.000
     528.000      30.610     580.000       0.000     300.000
     529.000      32.940     815.000       0.000     300.000
     530.000      36.020    1050.000       0.000     300.000
     531.000      31.960    1285.000       0.000     300.000
     532.000      30.360    1520.000       0.000     300.000
     533.000      32.370    1755.000       0.000     300.000
     534.000      36.070    1990.000       0.000     300.000
     535.000      48.000    2000.000       0.000       0.000
     536.000      53.000    1985.000      25.000       0.000
     537.000      55.680    1695.000     300.000       0.000
     538.000      55.710    1405.000     300.000       0.000
     539.000      53.630    1115.000     300.000       0.000
     540.000      52.960    1125.000       0.000       0.000
     541.000      52.850    1135.000       0.000       0.000
     542.000      52.850    1145.000       0.000       0.000
     543.000      52.990    1155.000       0.000       0.000
     544.000      52.080    1165.000       0.000       0.000
     545.000      52.000    1175.000       0.000       0.000
     546.000      59.270     885.000     300.000       0.000
     547.000      59.990     595.000     300.000       0.000
     548.000      53.430     305.000     300.000       0.000
     549.000      49.410     315.000       0.000       0.000
     550.000      43.720     325.000       0.000       0.000
     551.000      41.490     335.000       0.000       0.000
     552.000      38.770     570.000       0.000     300.000
     553.000      36.040     805.000       0.000     300.000
     554.000      35.980    1040.000       0.000     300.000
     555.000      35.780    1275.000       0.000     300.000
     556.000      35.350    1510.000       0.000     300.000
     557.000      35.580    1745.000       0.000     300.000
     558.000      37.020    1980.000       0.000     300.000
     559.000      45.130    1990.000       0.000       0.000
     560.000      50.990    2000.000       0.000       0.000
     561.000      60.120    1710.000     300.000       0.000
     562.000      59.360    1420.000     300.000       0.000
     563.000      57.730    1130.000     300.000       0.000
     564.000      56.650    1140.000       0.000       0.000
     565.000      52.640    1150.000       0.000       0.000
     566.000      56.580    1160.000       0.000       0.000
     567.000      57.120     870.000     300.000       0.000
     568.000      58.890     580.000     300.000       0.000
     569.000      63.510     290.000     300.000       0.000
     570.000      67.200       0.000     300.000       0.000
     571.000      56.090       0.000      10.000       0.000
     572.000      52.940      10.000       0.000       0.000
     573.000      49.050      20.000       0.000       0.000
     574.000      45.430      30.000       0.000       0.000
     575.000      41.470      40.000       0.000       0.000
     576.000      38.280     275.000       0.000     300.000
     577.000      38.240     510.000       0.000     300.000
     578.000      37.850     745.000       0.000     300.000
     579.000      36.510     980.000       0.000     300.000
     580.000      35.370    1215.000       0.000     300.000
     581.000      35.770    1450.000       0.000     300.000
     582.000      38.190    1685.000       0.000     300.000
     583.000      45.660    1695.000       0.000       0.000
     584.000      54.810    1405.000     300.000       0.000
     585.000      54.310    1115.000     300.000       0.000
     586.000      51.910    1125.000       0.000       0.000
     587.000      50.030    1135.000       0.000       0.000
     588.000      50.250    1145.000       0.000       0.000
     589.000      50.030    1155.000       0.000       0.000
     590.000      51.530    1165.000       0.000       0.000
     591.000      54.150    1160.000      15.000       0.000
     592.000      54.960     870.000     300.000       0.000
     593.000      56.820     580.000     300.000       0.000
     594.000      58.500     290.000     300.000       0.000
     595.000      57.630       0.000     300.000       0.000
     596.000      52.290       0.000      10.000       0.000
     597.000      47.780      10.000       0.000       0.000
     598.000      45.820      20.000       0.000       0.000
     599.000      43.920      30.000       0.000       0.000
     600.000      40.650      40.000       0.000       0.000
     601.000      34.020     275.000       0.000     300.000
     602.000      32.680     510.000       0.000     300.000
     603.000      31.940     745.000       0.000     300.000
     604.000      28.800     980.000       0.000     300.000
     605.000      28.870    1215.000       0.000     300.000
     606.000      32.810    1450.000       0.000     300.000
     607.000      39.050    1460.000       0.000       0.000
     608.000      46.700    1470.000       0.000       0.000
     609.000      49.640    1480.000       0.000       0.000
     610.000      51.910    1190.000     300.000       0.000
     611.000      45.430    1200.000       0.000       0.000
     612.000      50.050    1210.000       0.000       0.000
     613.000      50.330    1130.000      90.000       0.000
     614.000      49.160    1140.000       0.000       0.000
     615.000      47.650    1150.000       0.000       0.000
     616.000      48.190    1160.000       0.000       0.000
     617.000      51.470     870.000     300.000       0.000
     618.000      60.000     580.000     300.000       0.000
     619.000      52.750     290.000     300.000       0.000
     620.000      51.050       0.000     300.000       0.000
     621.000      46.650      10.000       0.000       0.000
     622.000      45.990      20.000       0.000       0.000
     623.000      40.040      30.000       0.000       0.000
     624.000      38.460      40.000       0.000       0.000
     625.000      36.980      50.000       0.000       0.000
     626.000      37.070      60.000       0.000       0.000
     627.000      36.530      70.000       0.000       0.000
     628.000      37.190      80.000       0.000       0.000
     629.000      37.320      90.000       0.000       0.000
     630.000      37.490     100.000       0.000       0.000
     631.000      38.420     110.000       0.000       0.000
     632.000      39.010     120.000       0.000       0.000
     633.000      42.470     130.000       0.000       0.000
     634.000      44.820     140.000       0.000       0.000
     635.000      43.800     150.000       0.000       0.000
     636.000      43.920     160.000       0.000       0.000
     637.000      41.500     170.000       0.000       0.000
     638.000      38.310     180.000       0.000       0.000
     639.000      37.430     190.000       0.000       0.000
     640.000      39.050     200.000       0.000       0.000
     641.000      42.640     210.000       0.000       0.000
     642.000      45.790     220.000       0.000       0.000
     643.000      47.120       0.000     230.000       0.000
     644.000      44.140      10.000       0.000       0.000
     645.000      40.330      20.000       0.000       0.000
     646.000      37.820      30.000       0.000       0.000
     647.000      37.490      40.000       0.000       0.000
     648.000      34.020      50.000       0.000       0.000
     649.000      33.240     125.000       0.000      86.667
     650.000      32.570     360.000       0.000     300.000
     651.000      33.010     595.000       0.000     300.000
     652.000      32.230     830.000       0.000     300.000
     653.000      32.860    1065.000       0.000     300.000
     654.000      33.750    1075.000       0.000       0.000
     655.000      32.490    1310.000       0.000     300.000
     656.000      33.880    1320.000       0.000       0.000
     657.000      36.850    1330.000       0.000       0.000
     658.000      38.810    1340.000       0.000       0.000
     659.000      39.720    1350.000       0.000       0.000
     660.000      40.760    1360.000       0.000       0.000
     661.000      40.150    1370.000       0.000       0.000
     662.000      39.250    1380.000       0.000       0.000
     663.000      39.060    1390.000       0.000       0.000
     664.000      39.830    1400.000       0.000       0.000
     665.000      41.150    1410.000       0.000       0.000
     666.000      46.180    1120.000     300.000       0.000
     667.000      46.080     830.000     300.000       0.000
     668.000      45.740     540.000     300.000       0.000
     669.000      41.770     550.000       0.000       0.000
     670.000      39.020     560.000       0.000       0.000
     671.000      37.030     570.000       0.000       0.000
     672.000      32.300     805.000       0.000     300.000
     673.000      24.760    1040.000       0.000     300.000
     674.000      27.830    1275.000       0.000     300.000
     675.000      26.310    1510.000       0.000     300.000
     676.000      28.160    1745.000       0.000     300.000
     677.000      29.680    1980.000       0.000     300.000
     678.000      35.280    1990.000       0.000       0.000
     679.000      43.270    2000.000       0.000       0.000
     680.000      53.900    1710.000     300.000       0.000
     681.000      53.980    1420.000     300.000       0.000
     682.000      53.670    1130.000     300.000       0.000
     683.000      51.910    1140.000       0.000       0.000
     684.000      51.990    1150.000       0.000       0.000
     685.000      51.010    1160.000       0.000       0.000
     686.000      52.950    1170.000       0.000       0.000
     687.000      52.140    1180.000       0.000       0.000
     688.000      53.990     890.000     300.000       0.000
     689.000      56.130     600.000     300.000       0.000
     690.000      60.070     310.000     300.000       0.000
     691.000      55.700      20.000     300.000       0.000
     692.000      50.650      30.000       0.000       0.000
     693.000      43.560      40.000       0.000       0.000
     694.000      40.230     100.000       0.000      66.667
     695.000      39.610     335.000       0.000     300.000
     696.000      36.160     570.000       0.000     300.000
     697.000      32.560     805.000       0.000     300.000
     698.000      31.510    1040.000       0.000     300.000
     699.000      28.910    1275.000       0.000     300.000
     700.000      28.380    1510.000       0.000     300.000
     701.000      31.390    1745.000       0.000     300.000
     702.000      35.790    1980.000       0.000     300.000
     703.000      42.310    1990.000       0.000       0.000
     704.000      53.000    2000.000       0.000       0.000
     705.000      54.630    1950.000      60.000       0.000
     706.000      52.500    1960.000       0.000       0.000
     707.000      51.020    1970.000       0.000       0.000
     708.000      50.950    1980.000       0.000       0.000
     709.000      49.160    1990.000       0.000       0.000
     710.000      53.900    2000.000       0.000       0.000
     711.000      57.650    2000.000      10.000       0.000
     712.000      62.740    1710.000     300.000       0.000
     713.000      70.430    1420.000     300.000       0.000
     714.000      80.100    1130.000     300.000       0.000
     715.000      76.090     840.000     300.000       0.000
     716.000      72.790     550.000     300.000       0.000
     717.000      58.970     260.000     300.000       0.000
     718.000      53.100     270.000       0.000       0.000
     719.000      43.340     345.000       0.000      86.667
     720.000      39.530     580.000       0.000     300.000
     721.000      38.770     815.000       0.000     300.000
     722.000      39.920    1050.000       0.000     300.000
     723.000      39.700    1285.000       0.000     300.000
     724.000      39.730    1520.000       0.000     300.000
     725.000      39.500    1755.000       0.000     300.000
     726.000      40.790    1990.000       0.000     300.000
     727.000      52.540    2000.000       0.000       0.000
     728.000      60.520    2000.000      10.000       0.000
     729.000      68.900    1710.000     300.000       0.000
     730.000      65.930    1420.000     300.000       0.000
     731.000      61.020    1130.000     300.000       0.000
     732.000      60.680    1130.000      10.000       0.000
     733.000      59.120    1140.000       0.000       0.000
     734.000      59.050    1150.000       0.000       0.000
     735.000      59.820    1160.000       0.000       0.000
     736.000      60.690     870.000     300.000       0.000
     737.000      63.290     580.000     300.000       0.000
     738.000      71.050     290.000     300.000       0.000
     739.000      63.500       0.000     300.000       0.000
     740.000      55.900      10.000       0.000       0.000
     741.000      53.950      20.000       0.000       0.000
     742.000      46.960      30.000       0.000       0.000
     743.000      40.760     265.000       0.000     300.000
     744.000      38.610     500.000       0.000     300.000
     745.000      38.620     735.000       0.000     300.000
     746.000      37.590     970.000       0.000     300.000
     747.000      37.050    1205.000       0.000     300.000
     748.000      37.670    1440.000       0.000     300.000
     749.000      38.390    1675.000       0.000     300.000
     750.000      39.960    1910.000       0.000     300.000
     751.000      46.720    1920.000       0.000       0.000
     752.000      57.980    1930.000       0.000       0.000
     753.000      58.400    1640.000     300.000       0.000
     754.000      58.930    1350.000     300.000       0.000
     755.000      59.160    1060.000     300.000       0.000
     756.000      59.110     770.000     300.000       0.000
     757.000      56.280     780.000       0.000       0.000
     758.000      58.090     790.000       0.000       0.000
     759.000      57.320     800.000       0.000       0.000
     760.000      58.130     810.000       0.000       0.000
     761.000      59.860     520.000     300.000       0.000
     762.000      63.380     230.000     300.000       0.000
     763.000      55.580     240.000       0.000       0.000
     764.000      53.920     250.000       0.000       0.000
     765.000      51.980     260.000       0.000       0.000
     766.000      43.770     295.000       0.000      33.333
     767.000      40.130     530.000       0.000     300.000
     768.000      37.100     765.000       0.000     300.000
     769.000      27.010    1000.000       0.000     300.000
