Spot(t) /		
1		130.5066998
2		155.1962803
3		193.2981918
4		222.0689644
5		231.922613
6		239.4792154
7		266.3263083
8		279.899938
9		336.5242573
10		381.8605681
11		390.8876861
12		386.4936369
13		391.1289119
14		300.3461552
15		263.3540224
16		272.9303618
17		281.7254941
18		371.3425298
19		465.2634658
20		504.2913196
21		462.4000846
22		323.9698418
23		261.0613484
24		141.8585177
25		194.3782981
26		129.6835127
27		66.42619136
28		11.07767936
29		34.5320458
30		97.52272648
31		141.1934111
32		219.1633107
33		217.1374146
34		220.9923154
35		209.1737487
36		259.9861691
37		227.9118949
38		154.6219807
39		149.7674831
40		201.4610223
41		202.4462768
42		313.8707919
43		320.5464334
44		364.545321
45		299.4688686
46		231.7630617
47		152.4760924
48		100.1032041
49		140.7991894
50		144.9119036
51		127.9252694
52		160.5386873
53		200.0414022
54		219.1784893
55		282.8013292
56		314.6414262
57		366.0016899
58		358.2610267
59		323.1767216
60		329.5725295
61		256.3324612
62		179.6737192
63		117.4152122
64		126.8253508
65		173.5937424
66		281.8410248
67		332.2791143
68		396.222198
69		315.7316447
70		316.3261838
71		300.9572743
72		222.4532519
73		184.0955017
74		194.3184726
75		216.1300378
76		187.4985634
77		233.5086805
78		305.1491548
79		461.9315911
80		551.1244982
81		560.1465
82		446.2003943
83		359.5446909
84		315.0384528
85		233.4264041
86		207.5165391
87		231.1014129
88		259.26601
89		257.3535163
90		336.2316028
91		339.6601576
92		367.5989239
93		304.2730321
94		228.8253879
95		215.8392585
96		6.75432572
97		47.59697607
98		23.91997125
99		27.08832546
100		95.89305696
101		129.1559868
102		176.1459456
103		320.212301
104		360.8733538
105		425.8214918
106		314.9828626
107		250.3770171
108		208.8297013
109		105.0496247
110		127.0397419
111		112.0663354
112		111.1862624
113		109.0634155
114		153.2479932
115		252.6162135
116		300.6208825
117		266.5687112
118		280.53173
119		115.3272178
120		124.2515398
121		13.60747359
122		108.1028335
123		33.55566171
124		9.27295962
125		48.37009709
126		108.5473142
127		314.3732252
128		383.4597032
129		356.9688465
130		342.6235069
131		332.8679725
132		333.0731421
133		329.5537835
134		304.2680408
135		294.8663316
136		302.6827199
137		327.2658493
138		373.3894331
139		473.7360754
140		489.6861074
141		421.1700171
142		354.3078415
143		313.2312635
144		277.802462
145		145.8733494
146		123.8145839
147		115.793228
148		119.047604
149		91.59450752
150		97.73497923
151		112.6794384
152		122.7243116
153		251.9113155
154		183.8763906
155		111.3594477
156		118.6566959
157		37.85659851
158		0.43585997
159		-4.55568612
160		-10.46109398
161		0.54267561
162		16.36289653
163		89.2764883
164		110.0078799
165		33.17912085
166		32.71034215
167		33.65755726
168		8.05444142
169		-2.21966151
170		-13.92527086
171		1.74677965
172		-8.61350525
173		-0.02170422
174		90.88352062
175		26.31774954
176		129.0851821
177		281.6272534
178		300.4143663
179		325.6291935
180		387.2381244
181		309.5499387
182		288.8303986
183		269.9550937
184		220.375206
185		276.3489559
186		325.1474188
187		408.3840462
188		488.0640135
189		445.2458265
190		414.6643983
191		418.6294806
192		354.0849861
193		329.3168914
194		314.476703
195		307.2491808
196		302.7910548
197		307.8810983
198		325.4410402
199		434.2654874
200		519.7886603
201		555.189884
202		514.7957268
203		519.133335
204		478.0441221
205		418.1542662
206		407.2762751
207		406.8787678
208		422.2721788
209		447.5806721
210		511.2545447
211		603.0215868
212		624.9397087
213		466.7170308
214		387.3939791
215		376.0727983
216		332.334346
217		304.229534
218		303.60617
219		303.0149023
220		302.359771
221		311.6463915
222		321.61087
223		383.2096135
224		497.8542554
225		573.0081818
226		564.7363581
227		440.5427938
228		424.0126735
229		409.9515806
230		384.1020033
231		380.0641073
232		363.6025753
233		359.5270239
234		369.15524
235		406.0906796
236		432.6593572
237		359.9738501
238		331.8562281
239		310.4035094
240		231.0543344
241		226.4995208
242		216.0573252
243		236.7399912
244		239.1043429
245		279.0428778
246		304.9927391
247		390.8929207
248		472.0386262
249		508.3686291
250		445.165183
251		413.0540964
252		389.2440647
253		323.2299418
254		324.4756206
255		306.2139688
256		320.3181374
257		366.0895861
258		416.4551652
259		431.6189747
260		467.7360439
261		399.4249257
262		320.0063023
263		299.4122287
264		226.7516782
265		137.2533358
266		126.7815145
267		132.6125375
268		102.8189952
269		110.3351123
270		119.9002486
271		289.632689
272		386.5114901
273		378.170721
274		311.6934994
275		215.9618132
276		177.0698865
277		135.5311448
278		137.8711905
279		156.6459517
280		224.9723803
281		264.1931495
282		357.377552
283		422.435511
284		466.9171634
285		416.1445078
286		436.8478381
287		399.0850384
288		314.7967529
289		314.3612721
290		300.1767515
291		289.2526554
292		290.7643117
293		295.2131754
294		315.0297377
295		431.6749559
296		601.7260556
297		652.3068073
298		517.9179778
299		472.047679
300		444.2478843
301		389.0688692
302		337.5792045
303		319.2356282
304		352.9534126
305		375.9663618
306		465.9165868
307		567.9453974
308		500.7414275
309		401.8919265
310		357.3301562
311		323.1515347
312		303.1189884
313		283.4776412
314		276.4295785
315		282.1798416
316		264.5307038
317		262.1376042
318		267.1951034
319		288.4982346
320		347.9020038
321		400.2424139
322		367.2273856
323		288.4538552
324		236.6369528
325		269.9601643
326		130.822003
327		133.1030746
328		273.7128755
329		322.5760502
330		402.2748666
331		504.6960164
332		534.4150329
333		440.6908381
334		401.0145293
335		396.3354373
336		316.8295711
337		348.7685229
338		318.5003493
339		307.9975962
340		295.0774694
341		299.9644769
342		296.6675436
343		312.7673482
344		363.8739284
345		349.2329772
346		338.6296348
347		324.420314
348		314.644453
349		232.5971901
350		173.214982
351		229.3102814
352		274.4711534
353		280.3713461
354		396.8861207
355		456.1890097
356		454.7992442
357		318.6670506
358		326.4882419
359		300.2242258
360		187.8105368
361		230.1759235
362		220.4532486
363		225.9570189
364		221.6812861
365		236.4888932
366		295.3479997
367		421.8561926
368		556.2496031
369		522.4495023
370		431.5508541
371		378.0298829
372		337.7148133
373		330.2817793
374		325.653751
375		412.4950472
376		428.8481693
377		451.1720893
378		509.2843656
379		636.0328791
380		675.6376848
381		466.2008021
382		399.8835413
383		343.9417988
384		312.4017382
385		294.1480081
386		271.107735
387		277.8952521
388		278.4078192
389		283.2423426
390		307.8873956
391		359.2493803
392		464.5676401
393		457.6156983
394		376.9622597
395		339.3517929
396		315.1687241
397		300.048911
398		302.4231885
399		304.6423656
400		329.2642151
401		354.9339545
402		480.7615557
403		638.8144812
404		679.6741894
405		480.7122166
406		437.9155593
407		402.9417757
408		371.3761973
409		336.0737507
410		340.2064258
411		341.5218208
412		323.0289535
413		327.5770087
414		363.5836386
415		504.2571943
416		669.426271
417		700.5080858
418		683.0059769
419		652.0511975
420		631.9922105
421		486.6789074
422		463.3289093
423		464.1939546
424		567.6066739
425		630.8808691
426		663.9617057
427		742.0390853
428		837.7750597
429		674.2769069
430		543.7100917
431		404.641894
432		372.139277
433		347.2748757
434		346.1523758
435		344.3862938
436		346.7414098
437		348.6885689
438		349.9386709
439		538.7592022
440		684.2304831
441		693.3809551
442		685.7385389
443		620.9052035
444		503.9318388
445		467.2051717
446		417.6720142
447		409.0958881
448		442.5532267
449		500.0186756
450		584.9667171
451		616.5437824
452		551.5896601
453		415.7993027
454		347.4435677
455		355.4824445
456		316.1936408
457		304.0971923
458		295.288574
459		295.0293457
460		303.3471146
461		304.4157475
462		319.0732315
463		402.0456431
464		478.1883699
465		514.1152599
466		479.2056187
467		439.2487784
468		413.7928075
469		382.0736955
470		333.5382762
471		335.0066421
472		333.9948746
473		334.4979826
474		447.3825908
475		487.5150203
476		476.1313014
477		393.853362
478		422.4197705
479		365.273776
480		328.4686211
481		354.9193572
482		332.7957454
483		323.5615525
484		316.0321792
485		298.9977543
486		310.1042297
487		317.1613578
488		368.2332551
489		425.6590798
490		462.3242733
491		485.0113293
492		465.3330981
493		357.9225909
494		312.298649
495		322.7356739
496		322.0628261
497		321.2599707
498		365.9342008
499		403.2741138
500		412.2678842
501		322.5697978
502		289.3403904
503		282.6705066
504		156.5582085
505		191.9203361
506		199.0114735
507		178.1936707
508		130.0489287
509		95.99068399
510		59.68866501
511		106.905299
512		104.4300064
513		130.6597429
514		135.1493545
515		137.9045248
516		148.196205
517		141.2533
518		137.6512662
519		143.3789928
520		234.5491262
521		295.2027496
522		349.520292
523		504.1057335
524		503.0275495
525		455.3151336
526		360.4346598
527		325.3459306
528		292.8502502
529		289.3826643
530		280.7466532
531		272.0204045
532		238.3203924
533		230.5479371
534		306.0231005
535		425.8472699
536		503.4765805
537		501.5741286
538		459.7902825
539		463.4391217
540		462.0442786
541		436.3012907
542		468.2120172
543		469.2634746
544		467.9173653
545		463.8882122
546		499.0190259
547		551.8166642
548		542.9732026
549		505.5194252
550		462.149758
551		379.5536419
552		362.5762519
553		323.6417975
554		331.4387171
555		325.8010606
556		323.9380936
557		322.3217837
558		345.833759
559		437.757497
560		466.568347
561		539.528069
562		491.875826
563		492.2306795
564		453.9315458
565		391.8997871
566		386.9583176
567		372.1786674
568		374.4032997
569		366.9234511
570		402.171757
571		450.2872952
572		404.2380062
573		331.4936872
574		332.4285626
575		310.0665316
576		278.3940775
577		167.7868007
578		156.5515339
579		128.9427757
580		146.1003337
581		173.709693
582		270.6520333
583		351.8265667
584		449.8096898
585		455.3799491
586		447.5493082
587		378.1278381
588		320.2493079
589		306.8597728
590		305.2823056
591		306.6965903
592		312.8320338
593		343.3326464
594		453.3660244
595		506.0118863
596		576.4205957
597		464.1167084
598		461.7175024
599		407.0555635
600		337.6079415
601		319.1656087
602		324.5298639
603		326.3196385
604		328.3026702
605		323.1008662
606		354.9856323
607		458.5827239
608		562.9113178
609		572.5597255
610		523.0257051
611		467.018946
612		437.1022603
613		392.7030274
614		326.3468394
615		331.0752617
616		369.7612998
617		460.6852234
618		495.6150039
619		510.101365
620		511.6582839
621		417.7650487
622		352.5652341
623		328.9725419
624		315.2685421
625		233.2426049
626		224.5257144
627		129.4267552
628		134.6215162
629		195.4481369
630		245.7560339
631		326.8875263
632		373.3313243
633		389.4127491
634		386.9151756
635		384.1011061
636		335.5506752
637		292.8083242
638		263.9724498
639		278.1317818
640		279.4541544
641		308.1521908
642		383.9411442
643		456.1961779
644		472.4931292
645		449.4234018
646		360.0703952
647		325.7338531
648		197.6700097
649		164.9267513
650		99.96404596
651		4.27632969
652		-91.62529321
653		-124.2613209
654		-141.8739946
655		-95.31963822
656		3.41539499
657		7.09409626
658		54.33679993
659		9.17613987
660		9.27380119
661		4.56960671
662		-126.4348248
663		-308.2126138
664		-160.9471009
665		-37.94419311
666		2.95300056
667		79.29813506
668		96.61020592
669		9.31372183
670		-373.693374
671		-496.777472
672		-700.3119155
673		-798.4179307
674		-825.7954724
675		-826.8775498
676		-829.8304907
677		-824.8856429
678		-828.3568845
679		-828.3310335
680		-825.1223324
681		-792.7569287
682		-793.3438847
683		-758.1394211
684		-666.4918683
685		-811.3720287
686		-668.9232421
687		-799.4339157
688		-792.0218032
689		-754.320525
690		-5.62810204
691		90.84805372
692		284.133744
693		301.4633095
694		227.4158653
695		170.9441297
696		130.4070833
697		-700.4882089
698		12.78275034
699		1.94510606
700		7.39202436
701		48.36725929
702		32.12591823
703		182.9171291
704		288.6236129
705		373.2947733
706		343.772539
707		312.5499105
708		304.8846041
709		302.9929358
710		306.6464533
711		306.9025774
712		370.6812446
713		447.5314224
714		469.478151
715		610.221613
716		710.2635976
717		527.7823261
718		489.0645447
719		477.8859177
720		466.3332657
721		423.7049173
722		307.3760221
723		311.2626898
724		307.9539447
725		299.8604324
726		308.6258709
727		327.3677944
728		393.3239987
729		387.7360631
730		417.8208416
731		408.5194917
732		388.8763813
733		401.0400496
734		370.0923398
735		343.352613
736		366.2674853
737		390.9857715
738		426.3735397
739		477.862903
740		478.3353944
741		451.1857599
742		396.9601497
743		378.3660256
744		357.2360516
745		314.8239679
746		278.9791889
747		231.7283994
748		226.6355162
749		232.7311529
750		267.1808969
751		276.7789911
752		293.7840565
753		319.4586331
754		365.0471779
755		354.9912555
756		327.1223378
757		334.2259704
758		303.1563728
759		290.9653465
760		293.2596252
761		300.7276232
762		370.6347341
763		431.5581421
764		445.8667303
765		423.1340069
766		366.4588684
767		302.7862858
768		277.8310389
/		
