Spot(t) /
1       0
2       26.28
3       25.79
4       25.7
5       26.39
6       38.01
7       51.93
8       52.43
9       52.1
10      50.78
11      50.89
12      46.09
13      45.53
14      45.37
15      47.71
16      50.03
17      54.11
18      58.02
19      66.51
20      54.42
21      49.08
22      44.1
23      38.05
24      40.13
25      35.88
26      34.64
27      31.84
28      33.72
29      36.2
30      46.99
31      56.43
32      61.3
33      60
34      55.49
35      52.72
36      47
37      44.48
38      44.47
39      43.85
40      46.24
41      51.93
42      60
43      65.47
44      53.46
45      46.72
46      41.86
47      37.48
48      35.66
49      32.31
50      31.36
51      30.09
52      30.39
53      35.03
54      40.7
55      52.4
56      59.77
57      57.12
58      54.11
59      51.23
60      45.26
61      43.63
62      43.17
63      43.94
64      45.87
65      50.67
66      53.49
67      55.31
68      47.79
69      39.72
70      37.96
71      34.74
72      33.61
73      31.04
74      30.02
75      29.41
76      30.06
77      32.89
78      39.55
79      48.98
80      54.11
81      54.11
82      51.08
83      46.93
84      44.04
85      40.56
86      38.01
87      36.78
88      38.15
89      39.9
90      43.57
91      44.38
92      35.8
93      30.07
94      30.4
95      29.04
96      29.08
97      25.27
98      29.73
99      24.6
100     25.2
101     29.08
102     36.06
103     47.9
104     51.62
105     48
106     44.49
107     41.11
108     37.89
109     36.91
110     34.78
111     35.33
112     36.92
113     43.83
114     48.11
115     48.88
116     39.32
117     34.11
118     32.87
119     30.06
120     30.09
121     36.04
122     32.93
123     31.07
124     30.06
125     32.09
126     32.28
127     45.68
128     44.1
129     42.5
130     37.19
131     36.09
132     35.5
133     30.84
134     31.13
135     30.07
136     34.77
137     33.06
138     36.95
139     37.37
140     33.35
141     31.53
142     36.01
143     33.08
144     34.06
145     32.01
146     31.07
147     31.05
148     31.04
149     31.03
150     18.06
151     31.04
152     31.03
153     31.02
154     31.03
155     30.14
156     30.71
157     30.45
158     29.42
159     28
160     31.1
161     36.3
162     44.44
163     46.87
164     44.79
165     37.75
166     34.06
167     32.14
168     27.92
169     28.08
170     27.79
171     27.69
172     27.64
173     27.93
174     34.03
175     40.37
176     49.83
177     48.57
178     48.92
179     48.96
180     49.93
181     48
182     48.95
183     49.91
184     51.92
185     54.99
186     61.23
187     63.62
188     58.4
189     51.03
190     42.59
191     40.47
192     36.86
193     37.05
194     36.63
195     35.83
196     35.23
197     35.17
198     36
199     43.26
200     53.5
201     55.81
202     55.01
203     51.92
204     51.81
205     49.77
206     49.02
207     52.3
208     55.01
209     57.2
210     62.44
211     66.18
212     60.75
213     53.93
214     45.95
215     41.25
216     39.23
217     38.06
218     37.02
219     36.14
220     35.58
221     36.15
222     38.44
223     47.44
224     54.12
225     57.6
226     54.5
227     51.67
228     50.74
229     49.99
230     49.98
231     52.64
232     54.77
233     56.17
234     61.57
235     66.7
236     60
237     53.95
238     44.92
239     42.42
240     38.66
241     36.74
242     35.22
243     33.95
244     33.16
245     33.95
246     36.07
247     42.69
248     47.15
249     50.1
250     47.96
251     49.96
252     49.49
253     48.48
254     48.06
255     48.1
256     48.13
257     51.08
258     56.01
259     57.01
260     52.99
261     50.04
262     43.45
263     40.45
264     37.88
265     35.94
266     33.49
267     28.99
268     27.12
269     26.17
270     26.14
271     29.1
272     33.09
273     35.17
274     35.07
275     33.78
276     34.04
277     35.9
278     33.43
279     31.5
280     31.72
281     31.8
282     38.94
283     38.08
284     37.01
285     31.98
286     30.11
287     30.49
288     27.03
289     26.37
290     25.21
291     24.55
292     19.97
293     18.99
294     21.86
295     24.21
296     26.78
297     28.26
298     31.09
299     29.63
300     28.79
301     29.5
302     29.1
303     29.04
304     27.94
305     30
306     33.91
307     39.44
308     33.94
309     30.78
310     27.85
311     28.81
312     26.91
313     15.65
314     9.24
315     5.76
316     1.88
317     5.89
318     10.73
319     14.27
320     20
321     24.2
322     29.11
323     30.02
324     35.19
325     37.76
326     36.17
327     35.77
328     35.09
329     38.01
330     41.21
331     42.83
332     41.04
333     38.29
334     34.3
335     31.37
336     26.46
337     26.68
338     24.94
339     22.51
340     23.1
341     23.94
342     26.59
343     35.5
344     43.56
345     45.35
346     45.07
347     43.97
348     43.33
349     41.71
350     43.65
351     44.39
352     46.38
353     48.19
354     52.89
355     52.92
356     48.91
357     44.21
358     37.95
359     35.5
360     30
361     26.5
362     25.64
363     25.97
364     24.99
365     26.04
366     27.94
367     38.92
368     45.52
369     47.97
370     47.43
371     47.98
372     48.43
373     46.96
374     48.34
375     49.91
376     50
377     50.04
378     60.71
379     62.89
380     52.3
381     47.56
382     43.3
383     41.21
384     38.3
385     36.97
386     35.75
387     34.27
388     33.79
389     34.45
390     37.74
391     45.63
392     55.77
393     57.77
394     56.92
395     56.8
396     56.44
397     54.42
398     55.8
399     57.28
400     57.39
401     60.71
402     76.08
403     87.12
404     65
405     54.47
406     47.52
407     44.59
408     40.3
409     39.07
410     35.95
411     33.4
412     32.67
413     32.98
414     35.22
415     42.62
416     48.12
417     51.29
418     48.56
419     47.54
420     46.36
421     43.91
422     44.57
423     45.61
424     46.83
425     48.68
426     51.17
427     49.95
428     48.09
429     45.05
430     38.33
431     38.42
432     36.18
433     33.82
434     33.59
435     32.07
436     31.82
437     33.19
438     35.22
439     45.09
440     51.91
441     54.32
442     55.62
443     54.94
444     53.95
445     52.44
446     52.52
447     53.01
448     52.19
449     54.3
450     66.47
451     59.98
452     51.97
453     47.6
454     43.83
455     44.28
456     39.34
457     42.63
458     39.78
459     38.81
460     36.94
461     36.2
462     36.13
463     39.57
464     41.56
465     42.02
466     44.57
467     44.15
468     42.55
469     41.42
470     40.01
471     39.96
472     41.67
473     43.81
474     49.95
475     51
476     48.45
477     42.75
478     40.36
479     39.66
480     36.67
481     37.57
482     35.3
483     35.13
484     34.22
485     33.86
486     35.01
487     35.6
488     37.52
489     37.52
490     39.12
491     38.4
492     38.84
493     40.1
494     37.8
495     39.68
496     41.35
497     46.41
498     52.17
499     53.09
500     52.51
501     51.01
502     47
503     44.28
504     40.14
505     37.1
506     36.53
507     36.07
508     34.75
509     34.8
510     36.58
511     44.99
512     47.76
513     51
514     49.85
515     48
516     47.47
517     47.69
518     47.6
519     50.02
520     50.9
521     50.93
522     50.01
523     49.91
524     45.53
525     47.93
526     37.03
527     35.3
528     30.61
529     32.94
530     36.02
531     31.96
532     30.36
533     32.37
534     36.07
535     48
536     53
537     55.68
538     55.71
539     53.63
540     52.96
541     52.85
542     52.85
543     52.99
544     52.08
545     52
546     59.27
547     59.99
548     53.43
549     49.41
550     43.72
551     41.49
552     38.77
553     36.04
554     35.98
555     35.78
556     35.35
557     35.58
558     37.02
559     45.13
560     50.99
561     60.12
562     59.36
563     57.73
564     56.65
565     52.64
566     56.58
567     57.12
568     58.89
569     63.51
570     67.2
571     56.09
572     52.94
573     49.05
574     45.43
575     41.47
576     38.28
577     38.24
578     37.85
579     36.51
580     35.37
581     35.77
582     38.19
583     45.66
584     54.81
585     54.31
586     51.91
587     50.03
588     50.25
589     50.03
590     51.53
591     54.15
592     54.96
593     56.82
594     58.5
595     57.63
596     52.29
597     47.78
598     45.82
599     43.92
600     40.65
601     34.02
602     32.68
603     31.94
604     28.8
605     28.87
606     32.81
607     39.05
608     46.7
609     49.64
610     51.91
611     45.43
612     50.05
613     50.33
614     49.16
615     47.65
616     48.19
617     51.47
618     60
619     52.75
620     51.05
621     46.65
622     45.99
623     40.04
624     38.46
625     36.98
626     37.07
627     36.53
628     37.19
629     37.32
630     37.49
631     38.42
632     39.01
633     42.47
634     44.82
635     43.8
636     43.92
637     41.5
638     38.31
639     37.43
640     39.05
641     42.64
642     45.79
643     47.12
644     44.14
645     40.33
646     37.82
647     37.49
648     34.02
649     33.24
650     32.57
651     33.01
652     32.23
653     32.86
654     33.75
655     32.49
656     33.88
657     36.85
658     38.81
659     39.72
660     40.76
661     40.15
662     39.25
663     39.06
664     39.83
665     41.15
666     46.18
667     46.08
668     45.74
669     41.77
670     39.02
671     37.03
672     32.3
673     24.76
674     27.83
675     26.31
676     28.16
677     29.68
678     35.28
679     43.27
680     53.9
681     53.98
682     53.67
683     51.91
684     51.99
685     51.01
686     52.95
687     52.14
688     53.99
689     56.13
690     60.07
691     55.7
692     50.65
693     43.56
694     40.23
695     39.61
696     36.16
697     32.56
698     31.51
699     28.91
700     28.38
701     31.39
702     35.79
703     42.31
704     53
705     54.63
706     52.5
707     51.02
708     50.95
709     49.16
710     53.9
711     57.65
712     62.74
713     70.43
714     80.1
715     76.09
716     72.79
717     58.97
718     53.1
719     43.34
720     39.53
721     38.77
722     39.92
723     39.7
724     39.73
725     39.5
726     40.79
727     52.54
728     60.52
729     68.9
730     65.93
731     61.02
732     60.68
733     59.12
734     59.05
735     59.82
736     60.69
737     63.29
738     71.05
739     63.5
740     55.9
741     53.95
742     46.96
743     40.76
744     38.61
745     38.62
746     37.59
747     37.05
748     37.67
749     38.39
750     39.96
751     46.72
752     57.98
753     58.4
754     58.93
755     59.16
756     59.11
757     56.28
758     58.09
759     57.32
760     58.13
761     59.86
762     63.38
763     55.58
764     53.92
765     51.98
766     43.77
767     40.13
768     37.1
769	27.01
/
